(0,0,0,)=0
(0,0,1,)=0
(0,0,2,)=0
(0,1,0,)=0
(0,1,1,)=0
(0,1,2,)=0
(0,2,0,)=0
(0,2,1,)=0
(0,2,2,)=0
(0,3,0,)=0
(0,3,1,)=0
(0,3,2,)=0
(0,4,0,)=0
(0,4,1,)=0
(0,4,2,)=0
(1,0,0,)=0
(1,0,1,)=0
(1,0,2,)=0
(1,1,0,)=0
(1,1,1,)=-0.873006
(1,1,2,)=0
(1,2,0,)=0
(1,2,1,)=1.34155
(1,2,2,)=0
(1,3,0,)=0
(1,3,1,)=1.02917
(1,3,2,)=0
(1,4,0,)=0
(1,4,1,)=0.848623
(1,4,2,)=0
(2,0,0,)=0
(2,0,1,)=0
(2,0,2,)=0
(2,1,0,)=0
(2,1,1,)=-0.479067
(2,1,2,)=0
(2,2,0,)=0
(2,2,1,)=0.62456
(2,2,2,)=0
(2,3,0,)=0
(2,3,1,)=0.580965
(2,3,2,)=0
(2,4,0,)=0
(2,4,1,)=0.517054
(2,4,2,)=0
(3,0,0,)=0
(3,0,1,)=0
(3,0,2,)=0
(3,1,0,)=0
(3,1,1,)=-0.664083
(3,1,2,)=0
(3,2,0,)=0
(3,2,1,)=0.350162
(3,2,2,)=0
(3,3,0,)=0
(3,3,1,)=0.268268
(3,3,2,)=0
(3,4,0,)=0
(3,4,1,)=0.193613
(3,4,2,)=0
(4,0,0,)=0
(4,0,1,)=0
(4,0,2,)=0
(4,1,0,)=0
(4,1,1,)=-0.788463
(4,1,2,)=0
(4,2,0,)=0
(4,2,1,)=0.176989
(4,2,2,)=0
(4,3,0,)=0
(4,3,1,)=0.0675582
(4,3,2,)=0
(4,4,0,)=0
(4,4,1,)=-0.0218651
(4,4,2,)=0
