(0,0,0,)=0
(0,0,1,)=0
(0,0,2,)=0
(0,1,0,)=0
(0,1,1,)=0
(0,1,2,)=0
(0,2,0,)=0
(0,2,1,)=0
(0,2,2,)=0
(0,3,0,)=0
(0,3,1,)=0
(0,3,2,)=0
(0,4,0,)=0
(0,4,1,)=0
(0,4,2,)=0
(1,0,0,)=0
(1,0,1,)=0
(1,0,2,)=0
(1,1,0,)=0
(1,1,1,)=2070.73
(1,1,2,)=0
(1,2,0,)=0
(1,2,1,)=922.265
(1,2,2,)=0
(1,3,0,)=0
(1,3,1,)=204.429
(1,3,2,)=0
(1,4,0,)=0
(1,4,1,)=451.236
(1,4,2,)=0
(2,0,0,)=0
(2,0,1,)=0
(2,0,2,)=0
(2,1,0,)=0
(2,1,1,)=1969.93
(2,1,2,)=0
(2,2,0,)=0
(2,2,1,)=889.477
(2,2,2,)=0
(2,3,0,)=0
(2,3,1,)=275.245
(2,3,2,)=0
(2,4,0,)=0
(2,4,1,)=458.822
(2,4,2,)=0
(3,0,0,)=0
(3,0,1,)=0
(3,0,2,)=0
(3,1,0,)=0
(3,1,1,)=1756.07
(3,1,2,)=0
(3,2,0,)=0
(3,2,1,)=677.191
(3,2,2,)=0
(3,3,0,)=0
(3,3,1,)=184.554
(3,3,2,)=0
(3,4,0,)=0
(3,4,1,)=326.54
(3,4,2,)=0
(4,0,0,)=0
(4,0,1,)=0
(4,0,2,)=0
(4,1,0,)=0
(4,1,1,)=1502.74
(4,1,2,)=0
(4,2,0,)=0
(4,2,1,)=446.414
(4,2,2,)=0
(4,3,0,)=0
(4,3,1,)=80.6296
(4,3,2,)=0
(4,4,0,)=0
(4,4,1,)=188.707
(4,4,2,)=0
